B cells naive	B cells memory	Plasma cells	T cells CD8	T cells CD4 naive	T cells CD4 memory resting	T cells CD4 memory activated	T cells follicular helper	T cells regulatory (Tregs)	T cells gamma delta	NK cells resting	NK cells activated	Monocytes	Macrophages M0	Macrophages M1	Macrophages M2	Dendritic cells resting	Dendritic cells activated	Mast cells resting	Mast cells activated	Eosinophils	Neutrophils	P-value	Correlation	RMSE
P394T	0	0	0.126154447466592	0.00690291130460045	0	0.263619474217515	0	0	0	0	0.0266420967004652	0	0	0.439538359935997	0	0.0918332126854914	0	0.0387774053880425	0	0.00653209230129541	0	0	9999	0.156837563225325	1.05433372224516
P394N	0.04306630056115	0.0413231605910601	0.0862531995813518	0.198754082770717	0	0.200897563347702	0	0.064556495758348	0.0412281983220227	0	0.00334570568266399	0.0258883967472613	0.0316717090815312	0	0.0412010676302563	0.103950228044571	0.0451662211754995	0	0.0726976707058657	0	0	0	9999	0.0960484925365606	1.05655264678551
P368T	0.00921506149693146	0.045295731564668	0.0591872319465987	0.0795411316712287	0	0.0486808679598555	0.01267741383909	0.0563516655415569	0.0102988775416039	0	0.0306621934396826	0	0.0302098827383649	0.430136067952345	0	0.122367150932096	0	0.0614664437594703	0.000276781129092353	0.00363349848741567	0	0	9999	0.159351796251582	1.04910152272513
P368N	0.0122927001846247	0.0479175913213897	0.0202837722824823	0.0948377946800184	0	0.0556516171812673	0	0.0195200367147787	0	0	0	0.0123504624772836	0.0579910026552444	0	0	0.320803745782514	0	0.0104282611774496	0.330976116122297	0	0	0.0169468994206501	9999	0.189933489048488	1.01370762863364
P367T	0.12357082179108	0	0.176162519979938	0.130820014635779	0	0.00234491845375143	0.120279382809662	0.0902977564351149	0	0	0	0.00678665350307971	0.000595754059664525	0.0377160094284718	0.0896992302892994	0.0581503630983743	0	0.12532090783246	0.0370127865622466	0	0	0.00124288112107811	9999	0.39043547991735	0.922988450210192
P367N	0.0889601742464891	0	0.0748312751781521	0.160635697278049	0	0.150469328208703	0.00696359432103798	0.0582826326910394	0.0475661282848842	0	0.0120212120142895	0	0.0608243638873884	0	0	0.0335064776842601	0.0928976501667496	0.0497623881661674	0	0.163279077872791	0	0	9999	0.131303301566414	1.03593244990648
P326T	0	0.0284047053965918	0.0464318126687307	0.128656987730523	0	0.137790997020032	0.0418453159385888	0.0717413315923459	0	0	0.0283084361652549	0.0541812988542652	0.0442648316422924	0	0.0835864908837167	0.230926154322987	0.0102119647456517	0	0.0936496730390197	0	0	0	9999	0.131207050468292	1.02921944632338
P326N	0	0.112345476581007	0.112601708635237	0.125731198574816	0	0.121508500931304	0	0.0912240531467846	0	0	0	0.0244166767666314	0.0442206903549157	0	0	0.0853878067930378	0.0629767743884116	0.0565560766280283	0.160886076563405	0	0	0.00214496063642156	9999	0.240737117725744	0.983572263995097
P311T	0.113367874912968	0	0.0399579514041108	0.0808192111944036	0	0.161223262040233	0	0.0901332018294981	0.00433873718694128	0	0.00954799545521296	0	0.0102335937351669	0	0.0309963889036905	0.21907026828234	0.0704404577950522	0	0.00410139331531812	0.0351785294127171	0.0698255252678004	0.0607656092645471	9999	0.199553101575305	0.999162423201968
P303T	0.0163311443466062	0.000614378181617684	0.206332301844154	0.0760555668693869	0	0.248065695777781	0.0238200844757433	0.0130659959189101	0.0170187895728931	0	0.0492786880788021	0	0.0282521698142264	0.102219299248728	0.0553168034203758	0.0977787461814378	0	0.0173101903434768	0.0407942912188552	0.00152236188572257	0.000156591713309115	0.00606690110797374	9999	0.330376409453839	0.949066817680307
P303N	0.0577855767141844	0.073039199687286	0.100881317227534	0.0929610554998826	0	0.0615319582144961	0	0.0706734248034562	0.0365970368676325	0	0.0343556316647568	0	0.0152734559937199	0	0.0123788174596883	0.189734148619538	0.0454622881744803	0.014927710993496	0.180238100185693	0.0141602778941566	0	0	9999	0.32921850215879	0.946300711952417
P270T	0	0.00110044900039223	0.125526258240067	0.169348883346006	0	0.008602645475786	0.0297483064022997	0.0901673832508345	0.0337977897252871	0	0.00267661288012291	0.0136730512786762	0.0211947717213951	0.0721983286273711	0.0671886858828562	0.24570314073864	0	0.0923390053708383	0.0267346880594268	0	0	0	9999	0.2264791335414	0.991757882830368
P270N	0	0.0032875978264861	0.131309179545443	0.185959898752878	0	0	0.0392913457762121	0.11534995855083	0.0491153191032716	0	0.0318936111124426	0	0.0132645628155274	0	0.00866142100583274	0.0967544556544451	0.153046721413292	0.0385247776072721	0.133541150836068	0	0	0	9999	0.178216071678592	1.00658235421795
P268T	0.000514022216552795	0.0117693030110813	0.0621149025896442	0.0374936985083659	0	0.103312570399787	0.0137270269793373	0.0535677969511984	0	0	0	0.0252039097805494	0.0502184277594449	0	0	0.369418300966081	0	0.0372608666235293	0	0.169968396271088	0	0.0654307779433403	9999	0.203049616621751	1.00701706689563
P268N	0.0780612983838019	0	0.0443807164650163	0.0505240027009005	0	0.275160664910754	0.0163113968844817	0.0440387465696593	0	0	0	0.0170351580268922	0.00765811411655602	0	0.0183027679636943	0.10588359158094	0.166392999858167	0.0439952940003356	0.132255248538801	0	0	0	9999	0.0855421185523161	1.04112305722401
P229T	0	0.0819259587057074	0.0601550115100321	0.0684724262260278	0	0.220430933295726	0.00573407869392351	0	0	0	0.0283187601344284	0	0.0658391846504369	0.0193111450002464	0.0115453502489741	0.199431625514282	0.0475832267003974	0.064243888134825	0.040446404206965	0.0677627770135454	0.00962980376428847	0.00916942620019348	9999	0.151779945984318	1.01371436063132
P229N	0	0.00179114637739913	0.0663602612640686	0.0826591247446561	0	0.110575485244176	0	0.0663914480504015	0.0672860532226193	0	0.0286124200450203	0.0132232269231883	0.0126096500409521	0	0.00995033905440913	0.0627030387444661	0.11180219949195	0.0355711563820598	0.321611877957736	0.00885257245689749	0	0	9999	0.024023195410203	1.07947696889395
P223T	0	0.00196472100660285	0.0465020688437836	0.121839506771623	0	0.137654768169359	0.00716539502343333	0.0746397771053848	0	0	0.0137784574611389	0.0496640506876989	0.00496930432696632	0.00301454517862683	0.152540082822431	0.267366884805392	0.024653750410955	0.0368694330620802	0.0497947778961449	0	0	0.00758247642837856	9999	0.204602766436893	1.00927610477166
P223N	0	0.0502033345922783	0.0459605965953595	0.217884764643728	0	0.245166459262697	0	0.0844903539327339	0	0	0.0352529678747918	0	0.0680608894066825	0	0	0.0534324402051296	0.0723942588162192	0.033765770672711	0.0386812032345919	0.053862412568848	0.000844548194228655	0	9999	0.0625747684416425	1.0750695322379
P207T	0	0.049823903031348	0.0279900165237623	0.0333774433626965	0.0076893696420732	0.168376311015614	0	0	0	0	0.0659236383913602	0	0.0178068779730015	0.354221154766309	0.00340111961754161	0.0800446533359839	0	0	0	0.177647185129665	0	0.0136983272106456	9999	0.120075529587277	1.06563129067146
P207N	0.000505288000770497	0.0407718303216198	0.0155536183902934	0.138771828796449	0	0.103607828242316	0.00318102781308474	0.112632307729034	0.0147221392758596	0	0.0660908717523144	0	0.014347704122453	0	0.0542142593979993	0.0942780135447025	0.124939021415563	0.0286825193118781	0.171596672124509	0.0161050697611539	0	0	9999	0.040339116581142	1.06278103348873
P198T	0	0.033044593821096	0.0331734258204701	0.144727764672954	0	0.0126950462933773	0.0657103111282707	0.0927323317934823	0.00902681065715238	0	0.0058924182771435	0.061422506809872	0.0423682844046609	0.0493876521401277	0.00448227125605023	0.190908154512094	0	0.106274409630823	0.120424907170939	0	0.0240791884812036	0.00364992313028304	9999	0.121667054460148	1.02560679366547
P198N	0	0.138783138264332	0.0801879456960306	0.148237408921679	0	0.134382702972877	0	0.111308292531511	0.0176737912247893	0	0	0.00491779684012344	0.0546672444234859	0.00519429332821016	0	0.0880632440237191	0.0263336314739712	0.106986679815892	0.0757146991264802	0	0	0.00754913135689907	9999	0.318395384251325	0.952751082735203
P193T	0.0188306891068159	0.156127097598204	0.0902823594976275	0.0389319103708032	0	0	0	0.104864679170842	0.0871452318022741	0.012517439029443	0.00371753911993565	0	0.0515692111781185	0	0.0519032002294726	0.117045689387297	0.0380401492465673	0.0904838194902905	0	0.115359078175891	0	0.0231819065964172	9999	0.367471044713636	0.93053186941725
P193N	0.0889108068897318	0.249203907621361	0.0333636260201337	0.154651148707784	0	0.0835121921160522	0	0.0641955432638545	0.0136425995993792	0	0.00171488877073456	0.010495785770458	0.0461520419995278	0	0.00160688790398459	0.0790562047114002	0	0.0285223165419178	0.144972050083681	0	0	0	9999	0.388979204603787	0.924523013481921
P180T	0	0.0529898036176288	0.048427518666945	0.050355182308052	0	0.197888282318327	0.0213431460945823	0.0310429485102541	0.00161443533881716	0	0.0365530329731034	0	0.0404978873542714	0	0.0630124037684115	0.286015830141264	0.0506873577105597	0.000791428253000424	0.091881839992485	0	0	0.0268989029522988	9999	0.157227962734167	1.01193202095415
P180N	0.0249596933227565	0.267922792481113	0.143765300865836	0.0779785006866908	0	0.066722828560801	0.00327291751569509	0.0863536595708585	0.00185501049317709	0	0	0	0.0102183314028099	0	0	0.119659068402541	0	0.0948623217806218	0.0835856614635571	0.00868127762111714	0	0.0101626358324247	9999	0.543571216353315	0.840692316673435
P160T	0	0.028448772762623	0.07923951906913	0.0730273007353154	0	0.117200062470602	0.0691118006894591	0.0649019334829957	0.0506910922813236	0	0.0711693036007465	0.00306181469123234	0.0115943804156014	0.112523489771178	0.0869041757300624	0.166090355801869	0.00166017508034088	0.0147331659219997	0.0496426574955214	0	0	0	9999	0.168848070354204	1.0128188170765
P160N	0	0.0740376458281206	0.0784152061512189	0.25721229135603	0	0.0172338774821391	0.00924653342690818	0.00143350664684029	0.00663523646594868	0	0	0	0.0114930396473995	0.0218853616463371	0.0534436017849076	0.0107645419283666	0.0349922972579604	0	0.423206860377823	0	0	0	9999	0.212981957682233	1.01769477871855
P156T	0.022221887861384	0	0.189584092893135	0.0728240906635457	0	0.0909997102723338	0	0.0745260354228982	0.00818386537111332	0	0.013794028765781	0	0	0.27452311791233	0.0209607880577665	0.11136605076077	0	0.0716005960110958	0.0494157360078473	0	0	0	9999	0.303293769583857	0.96447203203879
P156N	0	0	0.0149334658838053	0.120127803898442	0	0.314810376095601	0.0797820923534271	0.0729735988089272	0.00908080659257687	0	0.0319524243504441	0	0.0253724282379627	0	0.00865625008510147	0.0932336442944091	0.110051853876041	0.0580474866891965	0.0609777688340648	0	0	0	9999	0.157045500489507	1.02979296126863
P1492T	0.0120722335311723	0.101198348685735	0.0553859837747519	0.0586241882078988	0	0.110164947871627	0.0305403387759753	0.0242721532270816	0	0	0.0617524426054685	0	0	0.256579092654723	0	0.11765973487528	0.00108348598194935	0.00406476490289988	0	0.134190641197201	0	0.0324116437082359	9999	0.232827659693524	0.996038559656002
P1492N	0.0650328685224277	0	0.0526255069078621	0.0775396803357567	0	0.166197632562726	0.0335738783395042	0.0481543608689425	0.022021936400946	0	0.0405460375736908	0	0.027049028873832	0	0.00313210210089684	0.0925868412866172	0.162505931774678	0.0101126790246526	0.188514920723857	0.0104065947036104	0	0	9999	0.0449275500992709	1.05445931190943
